NEXT STATE SEQUENCE
0  1  1  0  1  0  0  0  0  0  0  0
1  0  0  0  1  1  0  0  1  0  0  0
0  0  0  0  0  1  0  0  0  0  1  0
0  0  0  0  0  0  1  0  0  0  0  0
0  1  0  1  0  1  0  0  0  2  0  0
0  0  1  0  0  0  0  1  0  0  1  0
0  0  0  0  0  0  0  0  1  1  0  0
0  0  0  0  0  0  0  0  0  0  0  1
0  0  0  0  0  0  0  0  0  0  0  1
0  0  0  0  1  0  0  0  0  0  0  0
0  0  0  0  0  1  0  0  0  0  0  1
0  0  0  0  0  0  1  0  0  0  1  0


OUTPUT SEQUENCE
1  1  2
2  2  4
0  1  1
1  0  1
4  3  1
1  0  0
2  2  1
1  1  1
1  0  0
1  1  1
0  1  1
1  2  2


INPUT SEQUENCE
0  0  0  0  0  0  0  1
2  0  0  0  0  0  0  0
0  1  0  0  0  0  1  0
0  0  0  0  0  1  0  0
0  0  1  0  1  0  0  1
1  2  0  0  1  0  0  0
0  0  1  1  0  0  0  0
1  0  0  0  0  0  0  0
0  1  0  0  0  0  0  1
1  0  1  1  0  0  0  0
0  1  0  1  0  1  0  0
0  1  0  1  0  1  0  0


FANOUT ALGORITHM:


ATTRACTION_MATRIX
18  16   3   3  13   5   6   4   1   8   3   7
16  40  10   6  22   2  16   8   2  12  10  14
 3  10  10   1   8   4   3   2   0   2   6   8
 3   6   1   6   5   1   3   2   1   2   1   7
13  22   8   5  54   4  23   8   4   8   8  12
 5   2   4   1   4  13   2   1   1   1   0   5
 6  16   3   3  23   2  17   5   2   5   3   8
 4   8   2   2   8   1   5   7   5   3   6   5
 1   2   0   1   4   1   2   5   5   1   4   1
 8  12   2   2   8   1   5   3   1   7   2   5
 3  10   6   1   8   0   3   6   4   2  10   4
 7  14   8   7  12   5   8   5   1   5   4  17


STATES SORTED ACCORDING TO ATTRACTION OF N MOST ATTRACTED STATES

4  1  6  0 11  9  2 10  7  3  5  8


STATE_ASSIGNMENT
S0 : 0010
S1 : 0100
S2 : 1001
S3 : 0011
S4 : 0000
S5 : 0110
S6 : 1000
S7 : 0101
S8 : 0111
S9 : 1010
S10 : 1101
S11 : 0001


FANIN ALGORITHM:


ATTRACTION_MATRIX
5   0   0   0   5   4   0   0   5   0   0   0
0  12   4   4   4   6   0   2   0  10   0   0
0   4  10   0   4   2   0   4   1   0   5   1
0   4   0   5   0   4   0   0   0   8   1   1
5   4   4   0  15   5   1   0   5   1   0   0
4   6   2   4   5  22   0   1   6   9   6   6
0   0   0   0   1   0  10   0   0   2   5   1
0   2   4   0   0   1   0   5   0   1   4   0
5   0   1   0   5   6   0   0  10   4   1   1
0  10   0   8   1   9   2   1   4  23   1   1
0   0   5   1   0   6   5   4   1   1  15   3
0   0   1   1   0   6   1   0   1   1   3  15


STATES SORTED ACCORDING TO ATTRACTION OF N MOST ATTRACTED STATES

9  5  1  8 10  4  2  3  0  7 11  6


STATE_ASSIGNMENT
S0 : 0101
S1 : 1000
S2 : 1010
S3 : 0010
S4 : 1001
S5 : 0100
S6 : 1011
S7 : 0111
S8 : 0001
S9 : 0000
S10 : 0011
S11 : 1100
